[1.110223e-16, 2.220446e-16, -2.220446e-16, 0]
[0.051546559, -0.024248829, 1.0007252, 0.1037595]
[0.051453214, -0.023860386, 0.99818641, 0.2075901]
[0.052924417, -0.021853751, 0.99984455, 0.31160551]
[0.044854879, -0.020553421, 0.99246985, 0.415086]
[0.052541155, -0.020040438, 0.99697506, 0.51886922]
[0.051420998, -0.023403531, 0.99078709, 0.62268758]
[0.049530774, -0.024862163, 0.98967135, 0.72643179]
[0.05466463, -0.020329833, 0.98596591, 0.83017057]
[0.049183544, -0.019557346, 0.9859224, 0.93395281]
[0.048029918, -0.021186855, 0.98346329, 1.0376951]
[0.048330192, -0.0224136, 0.98022658, 1.1414829]
[0.048241075, -0.024120944, 0.97823083, 1.245136]
[0.047754347, -0.021879926, 0.97472411, 1.348871]
[0.053556766, -0.022351038, 0.97286183, 1.452734]
[0.046993375, -0.022113552, 0.96546263, 1.556375]
[0.055029731, -0.020246536, 0.96667659, 1.660095]
[0.051925097, -0.020405386, 0.96346837, 1.763837]
[0.046805885, -0.021165216, 0.95928413, 1.867714]
[0.053145844, -0.017609727, 0.95438689, 1.971323]
[0.047661375, -0.018942574, 0.95135564, 2.0749371]
[0.051713478, -0.018757658, 0.9503935, 2.178679]
[0.054447562, -0.017186008, 0.95109838, 2.282428]
[0.050236795, -0.011525957, 0.95111698, 2.386034]
[0.051506419, -0.014159634, 0.95908689, 2.4896491]
[0.052055717, -0.016798684, 0.96210372, 2.5933869]
[0.044416919, -0.014793716, 0.96397638, 2.697006]
[0.043931562, -0.011731049, 0.97600323, 2.8006201]
[0.040879324, -0.012655924, 0.98627061, 2.904387]
[0.041066729, -0.016739829, 0.99201387, 3.008111]
[0.035476495, -0.014079172, 0.99205178, 3.111717]
[0.035362095, -0.013318858, 0.99988031, 3.2153339]
[0.038068619, -0.013251098, 1.0147233, 3.3190739]
[0.037170563, -0.012803701, 1.0262967, 3.422811]
[0.033935674, -0.013219723, 1.0387093, 3.526551]
[0.032464124, -0.012556606, 1.052207, 3.630286]
[0.035359152, -0.011486303, 1.0635883, 3.7339239]
[0.034113362, -0.011060156, 1.0771883, 3.8375239]
[0.033508819, -0.010587503, 1.0917946, 3.9412899]
[0.03265975, -0.01116633, 1.1034871, 4.0449009]
[0.030906392, -0.011821462, 1.1157216, 4.1486249]
[0.026699703, -0.013571732, 1.1290584, 4.2522931]
[0.024061035, -0.014042906, 1.1350293, 4.3559742]
[0.019034693, -0.014549739, 1.1423489, 4.459609]
[0.016314011, -0.015847441, 1.1492754, 4.5632172]
[0.016564528, -0.015655577, 1.1613681, 4.6669469]
[0.016408229, -0.012966316, 1.1798244, 4.7705588]
[0.016727472, -0.0096092401, 1.203468, 4.8743191]
[0.011795769, -0.0079308227, 1.2278631, 4.9779668]
[0.0093017118, -0.0072867246, 1.2518566, 5.081656]
[0.0097785117, -0.0080983229, 1.2692676, 5.1852689]
[0.0073218942, -0.0071463515, 1.2949078, 5.2889428]
[0.0080248574, -0.0073371776, 1.3159238, 5.392622]
[0.0056873178, -0.0070197238, 1.341403, 5.496314]
[0.0057973694, -0.0061453818, 1.3649067, 5.6000261]
[0.0047871908, -0.0080825603, 1.3839941, 5.7036409]
[0.0062750438, -0.0078090518, 1.4049301, 5.8073401]
[0.0035977096, -0.0086972164, 1.4245406, 5.910955]
[0.0055312943, -0.0073494739, 1.4482, 6.0147152]
[0.0028700284, -0.0096769724, 1.4639682, 6.1184468]
[0.002155662, -0.01112105, 1.4868814, 6.2219272]
[0.0012585858, -0.0093844784, 1.510594, 6.3256688]
[-0.00055772113, -0.0106663, 1.5300859, 6.4292798]
[0.0018263774, -0.011275737, 1.5518535, 6.533021]
[-9.1819362e-05, -0.0096765608, 1.5690358, 6.636673]
[0.0011241664, -0.01096811, 1.5982263, 6.7403989]
[-0.00018880182, -0.010790369, 1.6150301, 6.8440971]
[0.0025761591, -0.010805259, 1.6349192, 6.9477549]
[0.0037946568, -0.0138534, 1.650467, 7.0514712]
[0.0023488211, -0.016045077, 1.6597285, 7.1552091]
[0.0044434606, -0.018054068, 1.6770847, 7.2589231]
[0.00036268294, -0.017383663, 1.6905471, 7.3625679]
[0.0026408539, -0.017624887, 1.7049364, 7.4662099]
[-6.6015193e-05, -0.016680811, 1.7258347, 7.5699248]
[0.0035383175, -0.017222678, 1.7382233, 7.6735721]
[0.0017587747, -0.018337727, 1.7552462, 7.7772861]
[0.0027335605, -0.01880867, 1.7714231, 7.8810239]
[0.00090438774, -0.018899163, 1.7815773, 7.9846959]
[0.0019603232, -0.01992799, 1.796203, 8.0883999]
[0.0015698033, -0.020770863, 1.8106376, 8.1921177]
[-0.00010356325, -0.019035194, 1.8319478, 8.2958632]
[0.0024372968, -0.018188657, 1.8431927, 8.3995457]
[-0.00073757349, -0.018224858, 1.8602259, 8.5032349]
[0.0044684634, -0.018824073, 1.8716183, 8.6069784]
[0.0034180356, -0.018026505, 1.8906345, 8.7106981]
[0.0064944737, -0.015188963, 1.9036235, 8.814436]
[0.0034697726, -0.021185527, 1.9149904, 8.918107]
[0.0033828176, -0.022631394, 1.9253223, 9.0218668]
[0.0038695771, -0.025950706, 1.9308267, 9.1255484]
[0.006216221, -0.023917912, 1.9449623, 9.2291479]
[0.0059094587, -0.026065972, 1.9534559, 9.3327827]
[0.0047197691, -0.026032334, 1.9678156, 9.4365072]
[0.002784542, -0.023477383, 1.9791669, 9.5401258]
[0.0011432063, -0.024485337, 1.9897417, 9.643856]
[0.0032043904, -0.023359597, 2.0010839, 9.7475662]
[0.003500791, -0.024328098, 2.0090008, 9.8512163]
[0.0055023101, -0.025709057, 2.0160277, 9.954854]
[0.00365014, -0.024454731, 2.0259988, 10.05845]
[0.0070628244, -0.024771221, 2.041455, 10.16227]
[0.0038868419, -0.026437201, 2.0495605, 10.26595]
[0.0032396638, -0.024380365, 2.0543499, 10.36954]
[0.0018116138, -0.025839834, 2.0688131, 10.47333]
[0.0061636702, -0.024428228, 2.0746832, 10.57701]
[0.0070598335, -0.023607813, 2.0890749, 10.6808]
[0.0074688229, -0.027669953, 2.0938072, 10.78449]
[0.0060668667, -0.026463978, 2.1056662, 10.88838]
[0.0052409302, -0.026649943, 2.1136668, 10.9921]
[0.0037422157, -0.026723398, 2.1291463, 11.09628]
[0.00401932, -0.029063962, 2.1274724, 11.19965]
[0.0040507149, -0.026657995, 2.1422987, 11.30336]
[0.0042617158, -0.026363578, 2.1522393, 11.40708]
[0.0041534049, -0.027948402, 2.1547658, 11.51057]
[0.0038944748, -0.028473608, 2.1656244, 11.61418]
[0.0041973526, -0.026827527, 2.1830795, 11.71802]
[0.0054569044, -0.029202269, 2.1804938, 11.82143]
[0.0059236567, -0.029870089, 2.1937916, 11.92506]
[0.0045184148, -0.029914701, 2.2004099, 12.02865]
[0.0050006588, -0.029128665, 2.2055602, 12.13214]
[0.0045220782, -0.027020581, 2.2223699, 12.23595]
[0.0049519343, -0.029371591, 2.2277193, 12.33962]
[0.0042449334, -0.027989019, 2.2362177, 12.44323]
[0.0042201048, -0.027582036, 2.2453048, 12.54685]
[0.0070087546, -0.029094839, 2.2551572, 12.65059]
[0.0074271793, -0.029529406, 2.2626688, 12.75421]
[0.0064774062, -0.02787965, 2.2699134, 12.85782]
[0.0053067571, -0.028972303, 2.2807279, 12.96145]
[0.0039721238, -0.030434694, 2.2868724, 13.06505]
[0.0044167927, -0.032128453, 2.2941363, 13.16879]
[0.0046800664, -0.029566023, 2.3051255, 13.27241]
[0.0037038589, -0.032947682, 2.314698, 13.37617]
[0.0042654411, -0.029761845, 2.3190036, 13.47977]
[0.0068256157, -0.026488436, 2.3245709, 13.58338]
[0.0058742836, -0.029281313, 2.3424356, 13.687]
[0.0058500436, -0.029653808, 2.349097, 13.79073]
[0.0058407788, -0.031046554, 2.3523529, 13.89444]
[0.0043229973, -0.032098684, 2.3672321, 13.99845]
[0.0041172458, -0.03341902, 2.3510787, 14.1018]
[0.0048979428, -0.0337607, 2.3802397, 14.20592]
[0.0058943508, -0.035496265, 2.3635464, 14.3092]
[0.01083522, -0.035228729, 2.3782375, 14.41287]
[0.011045483, -0.033593379, 2.3831329, 14.51654]
[0.011187354, -0.035192333, 2.38608, 14.62033]
[0.0090057906, -0.035553098, 2.3830705, 14.72368]
[0.0091375317, -0.036965657, 2.3931937, 14.82739]
[0.0078519713, -0.038595743, 2.4086857, 14.93163]
[0.0074701244, -0.03814552, 2.3855596, 15.03485]
[0.0044988124, -0.038380641, 2.3982975, 15.13855]
[0.008040064, -0.038711701, 2.4025462, 15.24218]
[0.010130347, -0.03813991, 2.4011905, 15.34573]
[0.0083710188, -0.038498722, 2.4063148, 15.4495]
[0.0079265423, -0.035873897, 2.4043677, 15.55307]
[0.0063314796, -0.037583146, 2.4036381, 15.65668]
[0.0064157937, -0.037753418, 2.4106514, 15.76042]
[0.0049987482, -0.037241597, 2.4074447, 15.86404]
[0.0060421624, -0.039399531, 2.4085581, 15.96778]
[0.0058094021, -0.039036654, 2.4057987, 16.0714]
[0.0053853202, -0.040788267, 2.4031866, 16.175171]
[0.0043091839, -0.036743402, 2.4039876, 16.278761]
[0.0065195798, -0.039051935, 2.4016366, 16.38237]
[0.0064396332, -0.041034091, 2.4055572, 16.48621]
[0.0064047989, -0.037853304, 2.3975558, 16.589729]
[0.0025505787, -0.036357202, 2.406801, 16.69338]
[0.0026944142, -0.034726147, 2.4114604, 16.796961]
[0.002304663, -0.03413941, 2.4127004, 16.90069]
[0.0056310222, -0.034160454, 2.4174614, 17.00432]
[0.0041612419, -0.035877373, 2.4146283, 17.107929]
[0.0036648661, -0.035370898, 2.4377513, 17.212259]
[0.0062575568, -0.033378281, 2.4156477, 17.315331]
[0.0077489438, -0.030932156, 2.4382288, 17.418949]
[0.0093337186, -0.027208224, 2.4527678, 17.522739]
[0.0089143515, -0.024645573, 2.4542892, 17.62628]
[0.0067569423, -0.024063181, 2.4760995, 17.730021]
[0.0080213761, -0.024334067, 2.4799521, 17.833611]
[0.0033297737, -0.026235793, 2.5058417, 17.93782]
[0.001939424, -0.025922725, 2.4899783, 18.041019]
[0.0044701179, -0.024775555, 2.5097954, 18.144609]
[0.0056332699, -0.024977395, 2.5309319, 18.24822]
[0.0063381353, -0.025523325, 2.5374703, 18.35182]
[0.0028512257, -0.025320994, 2.5528636, 18.455669]
[0.003802283, -0.025156302, 2.5574889, 18.559139]
[0.0045179324, -0.025279192, 2.5770872, 18.66305]
[0.003274305, -0.025522504, 2.5752606, 18.766279]
[0.0016302585, -0.02800432, 2.5931211, 18.869921]
[0.0015454254, -0.027847605, 2.6010697, 18.97353]
[0.0026501559, -0.024465159, 2.6145644, 19.077141]
[-0.0011050185, -0.02398869, 2.6285439, 19.18087]
[-0.0025445502, -0.025182992, 2.6401894, 19.284531]
[-0.00097969326, -0.025703283, 2.6508348, 19.38822]
[0.0028678062, -0.027735239, 2.6580064, 19.49184]
[0.0036846884, -0.024430783, 2.6646311, 19.595461]
[0.0049691163, -0.028302617, 2.6787529, 19.69907]
[0.0037523063, -0.029612932, 2.6922607, 19.802839]
[0.0036902782, -0.031930063, 2.6898284, 19.90642]
[0.0026830151, -0.037887011, 2.6932275, 20.010031]
[0.0021464841, -0.038410641, 2.691709, 20.113649]
[0.0018770514, -0.038086277, 2.6987681, 20.21727]
[0.0039772186, -0.037369691, 2.7017128, 20.320881]
[0.0038404737, -0.040639177, 2.7022636, 20.4245]
[0.0015793465, -0.037960552, 2.7048228, 20.52812]
[0.0042201425, -0.034931712, 2.7044022, 20.631729]
[0.0049483487, -0.036873423, 2.7154922, 20.73535]
[0.0031960707, -0.040611584, 2.7148042, 20.838961]
[-0.00088382373, -0.039972469, 2.7157078, 20.942579]
[-0.00045711099, -0.037660144, 2.7197573, 21.04632]
[0.00057497877, -0.038072087, 2.7152739, 21.14994]
[0.0049260263, -0.040881488, 2.7286158, 21.25355]
[0.0029639739, -0.044136941, 2.719368, 21.35717]
[0.005329649, -0.047511209, 2.7193429, 21.460819]
[0.0035077997, -0.041627437, 2.7310441, 21.564619]
[0.0034523304, -0.039976764, 2.720619, 21.66814]
[0.0024564168, -0.040945288, 2.7213137, 21.77179]
[0.004094867, -0.042118538, 2.7190254, 21.87536]
[0.005443038, -0.044508003, 2.7206006, 21.97904]
[0.007046327, -0.045907214, 2.7127502, 22.082649]
[0.0053011109, -0.051756967, 2.7172225, 22.186211]
[-0.0032020388, -0.052188706, 2.7198606, 22.290251]
[-0.0050288504, -0.054487906, 2.6909359, 22.39357]
[0.013544566, -0.048418269, 2.7050023, 22.49725]
[0.017941749, -0.033909645, 2.7074149, 22.600849]
[0.0084840013, -0.023584159, 2.7149637, 22.704439]
[-0.00032239387, -0.030832537, 2.7150354, 22.8081]
[-0.0047429092, -0.040437929, 2.7086444, 22.91177]
[-0.0012117893, -0.050373763, 2.699352, 23.01539]
[0.0075354325, -0.053909943, 2.6923444, 23.119011]
[0.008068894, -0.057360329, 2.6942601, 23.222651]
[0.010190166, -0.051918503, 2.6963429, 23.32637]
[0.007276623, -0.043316796, 2.6966603, 23.430071]
[0.0020326546, -0.042431328, 2.6936731, 23.53371]
[0.0046700658, -0.0433539, 2.6848941, 23.63732]
[0.010334244, -0.04875977, 2.6985455, 23.741079]
[0.0089592142, -0.046316795, 2.690727, 23.844681]
[0.010617686, -0.047956698, 2.6937611, 23.948429]
[0.0093607493, -0.045803886, 2.694236, 24.05212]
[0.007935917, -0.043978326, 2.6839883, 24.155649]
[0.0096171787, -0.045451146, 2.6974773, 24.25939]
[0.0078576915, -0.050125826, 2.68593, 24.363001]
[0.0045959367, -0.049310915, 2.6831195, 24.466619]
[0.0054212087, -0.04740474, 2.6831534, 24.57024]
[0.0047311243, -0.04680289, 2.6838763, 24.67387]
[0.005006318, -0.047224022, 2.6873186, 24.77759]
[0.0060334792, -0.046629697, 2.6805084, 24.88121]
[0.0060971263, -0.042157602, 2.6831369, 24.98488]
[0.0096571511, -0.041689962, 2.6741571, 25.08832]
[0.0096745295, -0.045258831, 2.6797144, 25.19195]
[0.014530734, -0.04973435, 2.6715534, 25.295561]
[0.013468856, -0.041779291, 2.6742163, 25.39916]
[0.0037180565, -0.049959421, 2.6712236, 25.502781]
[-2.2042463e-05, -0.061542943, 2.6609433, 25.60639]
[-0.0013592553, -0.054299768, 2.678895, 25.710011]
[0.0010378829, -0.042281795, 2.6774006, 25.81362]
[0.0059733596, -0.033509608, 2.6761303, 25.917259]
[0.0065730917, -0.03406287, 2.6685216, 26.020849]
[0.006945034, -0.042291086, 2.664669, 26.124479]
[-0.00056850241, -0.037574958, 2.6741395, 26.2281]
[-0.0044241156, -0.041002918, 2.6716588, 26.33173]
[-0.0052534863, -0.042553522, 2.6684141, 26.43544]
[-0.00040985973, -0.04014115, 2.666079, 26.539061]
[0.0051724128, -0.039484311, 2.6674128, 26.64267]
[0.0068761935, -0.038191691, 2.6695809, 26.746309]
[0.0041953302, -0.041939933, 2.665828, 26.84992]
[0.0023139145, -0.044067152, 2.6621728, 26.953529]
[0.0040471074, -0.044740006, 2.6647747, 27.057261]
[0.0055750883, -0.045518477, 2.6576707, 27.160891]
[0.0085654845, -0.042763852, 2.6688035, 27.26453]
[0.0092009138, -0.043954317, 2.6664305, 27.368231]
[0.008423999, -0.043821797, 2.6629589, 27.471849]
[0.0063481885, -0.045414265, 2.6605668, 27.57548]
[0.0064173257, -0.042755734, 2.6653881, 27.679199]
[0.006364584, -0.043305527, 2.6609039, 27.782841]
[0.006798204, -0.046026655, 2.664381, 27.88656]
[0.0075053605, -0.045799781, 2.6608827, 27.99017]
[0.0094306013, -0.043262996, 2.6591258, 28.09379]
[0.0079020346, -0.043518417, 2.6658475, 28.197411]
[0.008387831, -0.048318181, 2.6614676, 28.30102]
[0.006738191, -0.051973727, 2.6610518, 28.40464]
[0.0081028137, -0.050684907, 2.6609025, 28.508249]
[0.008651101, -0.051497128, 2.6542728, 28.61187]
[0.0090748463, -0.054654703, 2.6720638, 28.71563]
[0.0071202642, -0.051572789, 2.6625147, 28.819229]
[0.0078307111, -0.052719932, 2.661783, 28.92284]
[0.0061577656, -0.050494686, 2.6614802, 29.026461]
[0.0076501835, -0.049424089, 2.655297, 29.13007]
[0.0084938072, -0.050674405, 2.6680796, 29.233841]
[0.0077201319, -0.049738869, 2.6612744, 29.337429]
[0.0079764696, -0.049793269, 2.6614294, 29.44104]
[0.0067445999, -0.049336772, 2.660403, 29.544661]
[0.0069520003, -0.047975414, 2.6604414, 29.64826]
[0.0078982161, -0.046298455, 2.6662555, 29.75201]
[0.0074012899, -0.045203611, 2.6615605, 29.855619]
[0.0073578721, -0.047810819, 2.6595066, 29.95912]
[0.0085073831, -0.045796327, 2.6612713, 30.062731]
[0.0078665381, -0.04438607, 2.6549778, 30.166349]
[0.00674765, -0.045132838, 2.6686041, 30.26996]
[0.0072447173, -0.047253162, 2.6606715, 30.373581]
[0.0068814522, -0.046231031, 2.6622477, 30.477221]
[0.0068311845, -0.045347169, 2.6640923, 30.580811]
[0.0068074977, -0.044574838, 2.6658559, 30.684469]
[0.0053274087, -0.046898711, 2.6670043, 30.78817]
[0.0056515625, -0.048747905, 2.6607013, 30.891781]
[0.0060324119, -0.048066642, 2.6658287, 30.99556]
[0.0060354946, -0.044406589, 2.6577673, 31.09914]
[0.0064691002, -0.042678077, 2.6711311, 31.202761]
[0.0078393668, -0.043817971, 2.670167, 31.30652]
[0.0080956304, -0.046006981, 2.6634669, 31.41011]
[0.0076543246, -0.045056272, 2.6657846, 31.513849]
[0.0081318291, -0.045010149, 2.6639979, 31.61747]
[0.0085393386, -0.044757742, 2.6736734, 31.721251]
[0.0087273, -0.04551807, 2.6681237, 31.82482]
[0.007078704, -0.045528848, 2.6715078, 31.92857]
[0.0075691203, -0.045512974, 2.6663842, 32.032188]
[0.0089570368, -0.046419702, 2.6635013, 32.135929]
[0.0083294762, -0.043446876, 2.6757631, 32.23954]
[0.0071433359, -0.047082219, 2.6703603, 32.34333]
[0.0060821925, -0.046281766, 2.6670041, 32.447029]
[0.0073166098, -0.047959872, 2.6688678, 32.550781]
[0.0093697393, -0.047808398, 2.6580923, 32.654369]
[0.010673177, -0.047286913, 2.6661911, 32.758129]
[0.010667756, -0.047244109, 2.6601648, 32.86174]
[0.009407769, -0.046813633, 2.6699452, 32.965698]
[0.011242685, -0.053255774, 2.6873257, 33.070499]
[0.0083250748, -0.049613513, 2.6180496, 33.17292]
[0.0094650947, -0.04990714, 2.6582677, 33.276451]
[0.0083133634, -0.049104374, 2.6546369, 33.380051]
[0.0078204162, -0.046081472, 2.6584954, 33.48381]
[0.0077854455, -0.048400402, 2.6572745, 33.58762]
[0.0065241363, -0.047831789, 2.6534569, 33.691219]
[0.0088028796, -0.049442068, 2.6582527, 33.794941]
[0.010184292, -0.043662183, 2.6604514, 33.89864]
[0.010435433, -0.0449448, 2.6609957, 34.00238]
[0.0083361827, -0.046013225, 2.6538203, 34.105991]
[0.0087850317, -0.049637653, 2.664237, 34.209728]
[0.0098821493, -0.048732568, 2.6602237, 34.31353]
[0.0098109124, -0.045878582, 2.6530745, 34.417099]
[0.0095575824, -0.046329208, 2.6636958, 34.520828]
[0.0086078485, -0.045381416, 2.6556799, 34.624451]
[0.0078024445, -0.045207195, 2.661324, 34.728062]
[0.0072824447, -0.04638689, 2.6640847, 34.831799]
[0.0070141153, -0.046617009, 2.6592748, 34.935421]
[0.007075388, -0.045383651, 2.6618268, 35.03915]
[0.0079114698, -0.044874348, 2.6580727, 35.14278]
[0.0077587324, -0.047698252, 2.6660662, 35.246521]
[0.00738726, -0.044109266, 2.6585715, 35.350128]
[0.0088544823, -0.046689358, 2.6637557, 35.453999]
[0.0095994025, -0.046952881, 2.6492517, 35.55743]
[0.009131087, -0.04471451, 2.6582918, 35.661091]
[0.011227757, -0.044801928, 2.6596155, 35.764771]
[0.011937972, -0.043894734, 2.6538136, 35.868328]
[0.010849562, -0.046505041, 2.6558008, 35.972069]
[0.010645183, -0.047758076, 2.6544156, 36.07584]
[0.0096471449, -0.045848675, 2.6521776, 36.179531]
[0.010304447, -0.043620232, 2.6584852, 36.283279]
[0.011909662, -0.046028409, 2.6518607, 36.386841]
[0.010388843, -0.046778332, 2.652658, 36.490551]
[0.010697501, -0.04625373, 2.6471636, 36.594139]
[0.010038173, -0.047798257, 2.6485293, 36.697762]
[0.0109899, -0.047322888, 2.6586637, 36.801498]
[0.012235469, -0.044605386, 2.6541948, 36.905209]
[0.01288575, -0.044994429, 2.6516147, 37.00885]
[0.011303296, -0.044171616, 2.6531692, 37.112591]
[0.011260709, -0.045567852, 2.6560066, 37.216331]
[0.010282516, -0.044645265, 2.6538546, 37.31995]
[0.010382003, -0.045417562, 2.6580093, 37.423721]
[0.011442331, -0.044731807, 2.6528385, 37.527302]
[0.01236582, -0.044730134, 2.6572754, 37.63105]
[0.012477868, -0.045674738, 2.6576552, 37.734661]
[0.013465365, -0.044381998, 2.6586413, 37.838402]
[0.010961478, -0.046642274, 2.6564715, 37.94202]
[0.010808123, -0.04797329, 2.6542621, 38.045631]
[0.012675829, -0.04748201, 2.6516609, 38.14925]
[0.014589016, -0.045835707, 2.6582079, 38.252869]
[0.013295575, -0.047516875, 2.656076, 38.35648]
[0.014173112, -0.047277384, 2.6586366, 38.460098]
[0.012559351, -0.048734162, 2.6567926, 38.563709]
[0.014150192, -0.045447111, 2.6526997, 38.667309]
[0.013971977, -0.044139825, 2.6602066, 38.771061]
[0.014608696, -0.045836013, 2.6560795, 38.87476]
[0.015715845, -0.044805221, 2.6525583, 38.978298]
[0.017236583, -0.045089632, 2.655071, 39.08202]
[0.017479846, -0.046433467, 2.6595407, 39.18565]
[0.014860775, -0.045005392, 2.6526296, 39.289261]
[0.013232984, -0.041172702, 2.6513391, 39.392879]
[0.012322332, -0.03806882, 2.645792, 39.496498]
[0.014207428, -0.037615363, 2.6462183, 39.600239]
[0.013379826, -0.031213127, 2.6459451, 39.70385]
[0.013690766, -0.031465054, 2.6500947, 39.807598]
[0.013176221, -0.029402688, 2.6486425, 39.911339]
[0.011643969, -0.036799282, 2.6503229, 40.01495]
[0.0098070549, -0.02437369, 2.6505725, 40.11869]
[0.011186442, -0.032120649, 2.6474514, 40.222328]
[0.015581213, -0.033273686, 2.6442544, 40.32592]
[0.016175622, -0.038366672, 2.6489227, 40.429661]
[0.017311163, -0.038053721, 2.6452291, 40.533279]
[0.014897471, -0.040631816, 2.6531582, 40.63702]
[0.013608251, -0.043640051, 2.6483092, 40.740631]
[0.012193604, -0.043833312, 2.6470096, 40.844269]
[0.012956202, -0.045099258, 2.6474285, 40.94799]
[0.016352877, -0.047073204, 2.6496208, 41.051601]
[0.018569274, -0.041087277, 2.6481874, 41.15522]
[0.019101879, -0.040258288, 2.6528296, 41.258961]
[0.01846635, -0.043930277, 2.6479173, 41.362572]
[0.015707823, -0.055114035, 2.6503243, 41.46632]
[0.015649674, -0.051555153, 2.6473737, 41.56992]
[0.016326893, -0.05414978, 2.6489327, 41.67355]
[0.015478963, -0.050940733, 2.6568651, 41.77729]
[0.015925676, -0.050970536, 2.6519983, 41.880901]
[0.015085009, -0.050095525, 2.6531351, 41.984638]
[0.015229297, -0.049451239, 2.6542051, 42.088379]
[0.015848301, -0.052429724, 2.6503165, 42.192001]
[0.015436465, -0.051180881, 2.6550441, 42.295639]
[0.015827755, -0.049658045, 2.6547401, 42.399349]
[0.018007794, -0.045507148, 2.651535, 42.502972]
[0.017078647, -0.048268355, 2.6467791, 42.606579]
[0.016729422, -0.04725153, 2.6553721, 42.710201]
[0.01503423, -0.047564112, 2.6495402, 42.813808]
[0.014227529, -0.048878293, 2.6473384, 42.917431]
[0.014448311, -0.048376758, 2.6491518, 43.021172]
[0.016197912, -0.046081152, 2.6398311, 43.12479]
[0.017142469, -0.046208307, 2.6464355, 43.228401]
[0.017994886, -0.047938418, 2.6414723, 43.332031]
[0.018107522, -0.047827285, 2.6412611, 43.435638]
[0.017728224, -0.044243049, 2.6377017, 43.539249]
[0.015470687, -0.046892494, 2.6348896, 43.642872]
[0.014613563, -0.050558712, 2.6320629, 43.746479]
[0.014832471, -0.04757731, 2.6306679, 43.85009]
[0.015744736, -0.047014032, 2.6328073, 43.953732]
[0.016719233, -0.043996092, 2.6344283, 44.057449]
[0.016154319, -0.044592306, 2.6294422, 44.161072]
[0.017271427, -0.043275598, 2.6371667, 44.264679]
[0.017807633, -0.042074192, 2.6323457, 44.36829]
[0.018044412, -0.044536654, 2.6364655, 44.471931]
[0.016964791, -0.043284032, 2.6341169, 44.575531]
[0.017100003, -0.042229183, 2.636308, 44.679138]
[0.017369632, -0.044274423, 2.641943, 44.782909]
[0.017123137, -0.04346725, 2.6385322, 44.886501]
[0.01626711, -0.041572493, 2.6394014, 44.990108]
[0.015084211, -0.042819068, 2.6361001, 45.093739]
[0.014613395, -0.044835526, 2.6445122, 45.19735]
[0.016297346, -0.041423582, 2.6505847, 45.30098]
[0.017887762, -0.041116655, 2.6488726, 45.404709]
[0.017858353, -0.040922761, 2.6478519, 45.50832]
[0.018009633, -0.042048234, 2.6494701, 45.612068]
[0.015775831, -0.040623728, 2.658649, 45.715672]
[0.014225923, -0.045118723, 2.656811, 45.81942]
[0.013857772, -0.042551201, 2.6553912, 45.923031]
[0.014148141, -0.046058852, 2.6549301, 46.026649]
[0.014470317, -0.042360116, 2.6545858, 46.13028]
[0.013200034, -0.041668288, 2.6678932, 46.233898]
[0.01497384, -0.047098204, 2.6575208, 46.33749]
[0.016074082, -0.045411091, 2.6633642, 46.441132]
[0.017855452, -0.040790487, 2.6628804, 46.54472]
[0.019321395, -0.041820481, 2.6656704, 46.648338]
[0.018174198, -0.044248559, 2.6702008, 46.75209]
[0.01688236, -0.047741983, 2.662976, 46.855701]
[0.014925084, -0.045181248, 2.6662986, 46.959438]
[0.01759949, -0.05163949, 2.6579893, 47.063061]
[0.020978583, -0.050835505, 2.6476278, 47.16655]
[0.02159906, -0.048986644, 2.6593738, 47.270161]
[0.021418391, -0.048609883, 2.6540265, 47.373772]
[0.020656528, -0.0485598, 2.6521161, 47.47739]
[0.020640997, -0.052032132, 2.6454062, 47.581032]
[0.018324547, -0.051249944, 2.646934, 47.684769]
[0.017776636, -0.052642062, 2.665446, 47.78931]
[0.016405078, -0.05456689, 2.6080434, 47.89209]
[0.01597121, -0.053523388, 2.6335452, 47.995838]
[0.017492861, -0.051645905, 2.6219251, 48.099491]
[0.018028285, -0.053281751, 2.6289427, 48.203201]
[0.018149355, -0.054087374, 2.6192906, 48.30682]
[0.018410118, -0.051007506, 2.6163898, 48.41045]
[0.019517086, -0.049614128, 2.6151524, 48.514172]
[0.01774122, -0.050412647, 2.605216, 48.617802]
[0.016154064, -0.049068995, 2.6204646, 48.721661]
[0.016288113, -0.050736323, 2.601897, 48.825161]
[0.016607832, -0.051708762, 2.6026416, 48.92878]
[0.017379209, -0.049282756, 2.6008329, 49.032372]
[0.01932225, -0.050311573, 2.5919583, 49.136002]
[0.020145418, -0.050951656, 2.5981586, 49.239479]
[0.02168523, -0.048907932, 2.6051998, 49.34322]
[0.013021042, -0.046133656, 2.5989306, 49.446709]
[0.0098868273, -0.040908013, 2.6025484, 49.550579]
[0.007235772, -0.053134385, 2.5852942, 49.65411]
[0.010780524, -0.053139362, 2.5856006, 49.757561]
[0.011363497, -0.038012113, 2.5959063, 49.86116]
[0.010891709, -0.03094583, 2.5992854, 49.964779]
[0.012950194, -0.038886093, 2.5988894, 50.068531]
[0.012804628, -0.041635014, 2.5832338, 50.172009]
[0.015683459, -0.042301401, 2.5979378, 50.27565]
[0.013853393, -0.042503998, 2.596395, 50.379372]
[0.013991836, -0.043703523, 2.5949483, 50.483002]
[0.012106805, -0.044895608, 2.5977638, 50.586609]
[0.015137464, -0.047261477, 2.5958614, 50.690231]
[0.016253432, -0.041954387, 2.6015127, 50.793949]
[0.016642284, -0.04337053, 2.6008675, 50.897572]
[0.016940599, -0.044230465, 2.6060812, 51.001308]
[0.015751965, -0.043212492, 2.6012239, 51.105068]
[0.014731163, -0.043211084, 2.6013491, 51.208672]
[0.014562222, -0.041616745, 2.6114399, 51.31245]
[0.017083446, -0.049135063, 2.6020565, 51.416039]
[0.016596459, -0.047382578, 2.6083241, 51.51976]
[0.0160884, -0.04449331, 2.6042767, 51.623379]
[0.014866345, -0.049042046, 2.6149335, 51.727119]
[0.014858388, -0.046785448, 2.6030195, 51.83073]
[0.017899215, -0.053590171, 2.6032386, 51.934502]
[0.021195212, -0.051724594, 2.6036577, 52.03809]
[0.020674633, -0.051072411, 2.6034656, 52.14183]
[0.017282784, -0.050829407, 2.6074791, 52.245441]
[0.012898982, -0.049010649, 2.6065221, 52.349178]
[0.013845847, -0.049904965, 2.6087608, 52.45295]
[0.017430143, -0.046208199, 2.6074016, 52.55666]
[0.020373305, -0.045998879, 2.6072149, 52.660278]
[0.021499697, -0.049800679, 2.6087754, 52.763901]
[0.020863473, -0.048606034, 2.6108761, 52.867641]
[0.019154329, -0.047722571, 2.6091397, 52.971272]
[0.018110059, -0.048015695, 2.6078835, 53.074871]
[0.017268915, -0.049874466, 2.6048887, 53.178478]
[0.017153414, -0.051822554, 2.608247, 53.282242]
[0.017650517, -0.050924651, 2.6016912, 53.385841]
[0.017692339, -0.050843108, 2.6011083, 53.48946]
[0.017844323, -0.050537568, 2.598953, 53.59309]
[0.016423145, -0.050938129, 2.600611, 53.696678]
[0.015573211, -0.052567091, 2.5966754, 53.80032]
[0.015667254, -0.055184104, 2.5927174, 53.904041]
[0.015122302, -0.051724549, 2.5880334, 54.007648]
[0.018072367, -0.048616778, 2.5881658, 54.111439]
[0.021075036, -0.048014354, 2.5869367, 54.215031]
[0.020706596, -0.052492753, 2.5845551, 54.318748]
[0.022117613, -0.052099511, 2.5786722, 54.422371]
[0.021999339, -0.052359886, 2.5746541, 54.525982]
[0.022536797, -0.05652418, 2.5695434, 54.629719]
[0.022108255, -0.052985068, 2.5720115, 54.733341]
[0.019564316, -0.05143242, 2.5680318, 54.837078]
[0.01559407, -0.052670375, 2.5605142, 54.940701]
[0.010861201, -0.04878927, 2.5588281, 55.044312]
[0.01104112, -0.049912732, 2.5486784, 55.147949]
[0.011843691, -0.050434362, 2.5573645, 55.251541]
[0.016922299, -0.046994153, 2.5554509, 55.355301]
[0.019459613, -0.046188757, 2.5527122, 55.4589]
[0.019677551, -0.045889918, 2.5519781, 55.562538]
[0.020314418, -0.046137437, 2.5498512, 55.666248]
[0.018147705, -0.050369665, 2.5439222, 55.76989]
[0.01573221, -0.050502148, 2.545058, 55.873611]
[0.016792605, -0.047372576, 2.5444827, 55.977291]
[0.019637879, -0.042982779, 2.5425005, 56.08086]
[0.020567069, -0.04078228, 2.5486166, 56.184471]
[0.015682822, -0.0446942, 2.5478489, 56.288132]
[0.0087752994, -0.044618957, 2.5396373, 56.391701]
[0.0090144072, -0.048284627, 2.5367417, 56.495312]
[0.012658089, -0.048353817, 2.5359149, 56.598919]
[0.013885525, -0.049312346, 2.5374351, 56.702419]
[0.016085796, -0.048083588, 2.5366542, 56.80603]
[0.017581109, -0.047484472, 2.53616, 56.909641]
[0.020585673, -0.047527041, 2.539989, 57.013378]
[0.021011483, -0.048600137, 2.5328877, 57.117001]
[0.016069997, -0.045183633, 2.5447466, 57.220619]
[0.014898403, -0.048462648, 2.5355039, 57.32423]
[0.014599108, -0.05105447, 2.5301492, 57.427719]
[0.020837191, -0.048108377, 2.5323381, 57.531361]
[0.018013131, -0.047793794, 2.5295985, 57.634949]
[0.019625282, -0.044513624, 2.5419304, 57.73859]
[0.015404474, -0.04563174, 2.5319455, 57.842178]
[0.01026269, -0.036605168, 2.5391304, 57.945801]
[0.013908789, -0.039318129, 2.5438011, 58.04953]
[0.016790746, -0.043094322, 2.5343387, 58.153179]
[0.017905952, -0.048182398, 2.5396068, 58.256809]
[0.016617434, -0.050291933, 2.5294793, 58.360401]
[0.013479221, -0.050008729, 2.5350196, 58.464001]
[0.015545089, -0.047897875, 2.5346169, 58.567619]
[0.017011188, -0.047123369, 2.537595, 58.67136]
[0.013869061, -0.048254274, 2.53388, 58.774971]
[0.014634987, -0.049164087, 2.5388625, 58.878712]
[0.012585373, -0.05263412, 2.5348568, 58.98246]
[0.013149329, -0.05241432, 2.5303051, 59.086071]
[0.013347015, -0.050043873, 2.5450776, 59.189812]
[0.016327659, -0.044611558, 2.5477779, 59.293571]
[0.016628679, -0.046049237, 2.5440056, 59.397171]
[0.016090021, -0.047987878, 2.546931, 59.500912]
[0.015674567, -0.048310395, 2.5449739, 59.604649]
[0.015125959, -0.046434101, 2.5498331, 59.70826]
[0.016525252, -0.048849754, 2.5533583, 59.812]
[0.016464902, -0.04910484, 2.5563796, 59.915741]
[0.01662448, -0.047079377, 2.5562353, 60.019482]
[0.016398679, -0.046372879, 2.5572371, 60.1231]
[0.015934052, -0.044692289, 2.5648432, 60.226841]
[0.015316577, -0.044630125, 2.5598204, 60.33046]
[0.014652717, -0.0461246, 2.563494, 60.434071]
[0.012899775, -0.046021156, 2.5668666, 60.53783]
[0.01404819, -0.044127438, 2.5631688, 60.64143]
[0.013815621, -0.045170486, 2.5706418, 60.745171]
[0.012037667, -0.043541722, 2.5664654, 60.848782]
[0.01174622, -0.040553678, 2.5725155, 60.9524]
[0.0091035962, -0.042318385, 2.5734289, 61.056141]
[0.012446111, -0.04462599, 2.5708909, 61.15976]
[0.0086082034, -0.039968658, 2.5782979, 61.263371]
[0.010935453, -0.04101361, 2.5810528, 61.366982]
[0.010418702, -0.042439293, 2.5846457, 61.470631]
[0.01258846, -0.04114617, 2.5837195, 61.574219]
[0.011792739, -0.04271337, 2.5862432, 61.677849]
[0.011547967, -0.0425115, 2.6601126, 61.784119]
[0.012099209, -0.041787539, 2.5378537, 61.885239]
[0.015388859, -0.039316822, 2.6051004, 61.988911]
[0.013697945, -0.0425785, 2.6004379, 62.092419]
[0.012938691, -0.045209859, 2.6239364, 62.196571]
[0.012565638, -0.044648401, 2.609447, 62.300011]
[0.013383554, -0.043101229, 2.6106994, 62.403412]
[0.014895592, -0.042791251, 2.6201432, 62.507019]
[0.01576641, -0.046806883, 2.6309154, 62.61105]
[0.01523151, -0.044128027, 2.6190095, 62.714119]
[0.017416533, -0.043625344, 2.6289737, 62.81773]
[0.015240697, -0.04263632, 2.6402833, 62.921551]
[0.014701588, -0.043659225, 2.6304331, 63.02496]
[0.015756682, -0.048553322, 2.629688, 63.128571]
[0.015175222, -0.046507105, 2.6478617, 63.232208]
[0.012600457, -0.047762241, 2.6362209, 63.33569]
[0.012962387, -0.048980724, 2.642056, 63.439301]
[0.015387502, -0.050949909, 2.6478832, 63.542912]
[0.016318517, -0.05059664, 2.6479826, 63.646519]
[0.018896999, -0.053194601, 2.6502707, 63.750031]
[0.016570615, -0.050669134, 2.6531475, 63.85363]
[0.016646668, -0.051520828, 2.6548753, 63.957241]
[0.017697429, -0.047890559, 2.6585121, 64.06073]
[0.016873864, -0.046159636, 2.6568825, 64.164352]
[0.017097712, -0.046981145, 2.6697192, 64.267967]
[0.014453328, -0.045855261, 2.668987, 64.371582]
[0.014849956, -0.043866377, 2.6695855, 64.475197]
[0.013316738, -0.042872764, 2.6663926, 64.578712]
[0.016213747, -0.043129653, 2.6864042, 64.682579]
[0.014756061, -0.042343732, 2.6776347, 64.785942]
[0.015317097, -0.043841545, 2.6849043, 64.889618]
[0.014048833, -0.044990573, 2.6879859, 64.993149]
[0.01289448, -0.043508444, 2.6897075, 65.096771]
[0.013056929, -0.042986117, 2.6978583, 65.200409]
[0.013643648, -0.043338858, 2.703028, 65.304131]
[0.014747879, -0.041448995, 2.7048874, 65.407738]
[0.015345806, -0.046077769, 2.7040248, 65.511368]
[0.013511128, -0.047630012, 2.7006991, 65.614967]
[0.012935095, -0.048324477, 2.7319782, 65.719299]
[0.012783791, -0.046967138, 2.696569, 65.822449]
[0.013624761, -0.041215215, 2.7195959, 65.926079]
[0.01502976, -0.038028959, 2.7256968, 66.029808]
[0.013583252, -0.039455254, 2.7213976, 66.13343]
[0.013421163, -0.036287636, 2.738687, 66.237183]
[0.01265134, -0.041307144, 2.731832, 66.340897]
[0.012912379, -0.045499802, 2.7314646, 66.444519]
[0.013253235, -0.046216104, 2.7341948, 66.548248]
[0.012335905, -0.048193526, 2.7306771, 66.651878]
[0.012773632, -0.04749899, 2.7310014, 66.755493]
[0.013103369, -0.048443679, 2.7313404, 66.8591]
[0.012918536, -0.046894882, 2.7304788, 66.962723]
[0.01295715, -0.046271689, 2.7316983, 67.066338]
[0.012226968, -0.046451662, 2.7316973, 67.16996]
[0.012065128, -0.048518896, 2.7338798, 67.273567]
[0.011977028, -0.047980271, 2.7321627, 67.37719]
[0.01276668, -0.048981622, 2.7260191, 67.480797]
[0.012837692, -0.049101681, 2.7226887, 67.58429]
[0.013046009, -0.049188957, 2.73206, 67.687912]
[0.012542926, -0.047914319, 2.7308283, 67.791519]
[0.010571198, -0.048296008, 2.7292705, 67.895142]
[0.012115738, -0.047843628, 2.731395, 67.998741]
[0.01301559, -0.048795547, 2.7218585, 68.102257]
[0.0073861419, -0.034978565, 2.728508, 68.205856]
[0.0046245209, -0.037932966, 2.72699, 68.309502]
[0.011773236, -0.025205536, 2.7323294, 68.412956]
[0.0028750615, -0.05226947, 2.7286954, 68.516602]
[0.011111368, -0.061556295, 2.7229991, 68.620201]
[0.011550957, -0.05752949, 2.7278497, 68.723701]
[0.011572133, -0.056070559, 2.7284515, 68.827301]
[0.012158408, -0.055242453, 2.7256317, 68.930923]
[0.010418475, -0.057309885, 2.7228758, 69.034416]
[0.010052118, -0.056250997, 2.7197831, 69.138039]
[0.010161907, -0.056583285, 2.7313924, 69.241638]
[0.01148202, -0.049650129, 2.7248671, 69.345253]
[0.012133665, -0.051302738, 2.7246504, 69.448868]
[0.011442715, -0.051312309, 2.7279348, 69.552528]
[0.012272025, -0.051087841, 2.7196546, 69.656097]
[0.012387906, -0.052955337, 2.7245033, 69.75972]
[0.012576476, -0.052465785, 2.7158749, 69.863327]
[0.010684415, -0.05053255, 2.7107079, 69.96682]
[0.011895458, -0.052245535, 2.7095239, 70.070457]
[0.012154233, -0.049058199, 2.7066238, 70.174049]
[0.012144815, -0.050386984, 2.7058647, 70.277679]
[0.011146793, -0.048184216, 2.70474, 70.381409]
[0.011117761, -0.047097802, 2.7004488, 70.485046]
[0.011530576, -0.048456099, 2.6953421, 70.58876]
[0.011111848, -0.046620265, 2.7017915, 70.692383]
[0.010380765, -0.048699789, 2.6978838, 70.79599]
[0.010281958, -0.047473855, 2.7009337, 70.899757]
[0.0099855876, -0.049361702, 2.6940682, 71.003349]
[0.0095228758, -0.047612432, 2.6984305, 71.107201]
[0.0093612839, -0.047470871, 2.7017257, 71.210823]
[0.009388702, -0.048872229, 2.6951602, 71.314339]
[0.010212059, -0.048423838, 2.6988134, 71.418083]
[0.0091167418, -0.048858277, 2.6982546, 71.521797]
[0.01210822, -0.049113654, 2.6883442, 71.625412]
[0.012197361, -0.049092826, 2.6950073, 71.729149]
[0.011946905, -0.049978588, 2.6893198, 71.832901]
[0.012786803, -0.049975954, 2.6842146, 71.936531]
[0.011775805, -0.053767551, 2.6803856, 72.040253]
[0.01196121, -0.05028658, 2.672482, 72.14399]
[0.012890934, -0.049921609, 2.67518, 72.247597]
[0.013555406, -0.050509196, 2.6709445, 72.351372]
[0.013932003, -0.049804833, 2.6688793, 72.454964]
[0.010968369, -0.046129469, 2.6718051, 72.558609]
[0.013561974, -0.048034549, 2.6686954, 72.662323]
[0.01072148, -0.045673631, 2.6723721, 72.76606]
[0.013236155, -0.045457959, 2.6682749, 72.86969]
[0.012522561, -0.045417987, 2.6674309, 72.973419]
[0.013104118, -0.046219938, 2.6645985, 73.077164]
[0.013085384, -0.047938969, 2.6661646, 73.180809]
[0.012172511, -0.047303159, 2.6691906, 73.284401]
[0.012730862, -0.048236817, 2.6643569, 73.38813]
[0.012263332, -0.046129484, 2.6578155, 73.491737]
[0.013378393, -0.042802356, 2.6543798, 73.59536]
[0.011778508, -0.045599941, 2.6569607, 73.698982]
[0.011304242, -0.046481825, 2.6537569, 73.802719]
[0.0086165201, -0.046195641, 2.6485391, 73.906326]
[0.0094703408, -0.045460571, 2.6470077, 74.010094]
[0.0090443539, -0.047439773, 2.6406746, 74.113678]
[0.010017947, -0.051016919, 2.6424181, 74.21743]
[0.011662113, -0.0504806, 2.6291285, 74.321037]
[0.010223824, -0.059998266, 2.6287115, 74.424698]
[0.010847241, -0.064490736, 2.6281705, 74.528419]
[0.0098081529, -0.061932508, 2.6193242, 74.632011]
[0.012060488, -0.062969506, 2.6215353, 74.735779]
[0.010742784, -0.064020127, 2.6124587, 74.839371]
[0.0099682333, -0.064958557, 2.607033, 74.942978]
[0.0089464253, -0.054927126, 2.6057832, 75.046738]
[0.0093659563, -0.052585643, 2.5922999, 75.150337]
[0.0087831579, -0.04397757, 2.5930552, 75.25396]
[0.0088120932, -0.045409519, 2.5908477, 75.357697]
[0.0073489272, -0.051264413, 2.5827186, 75.461433]
[0.0061617931, -0.049429759, 2.5735352, 75.565048]
[0.0056756469, -0.051158812, 2.5709212, 75.668793]
[0.005687898, -0.046588231, 2.5631366, 75.772408]
[0.0050545088, -0.036798868, 2.5637827, 75.87616]
[0.0066876854, -0.044780444, 2.54987, 75.979759]
[0.0057152668, -0.048966568, 2.5403209, 76.083252]
[0.0054611112, -0.045786094, 2.5483713, 76.186867]
[0.0058163088, -0.045466121, 2.5421116, 76.290482]
[0.0061153523, -0.046735257, 2.5392256, 76.394096]
[0.0059866379, -0.048158679, 2.5286117, 76.497612]
[0.0056471359, -0.047996923, 2.5243871, 76.601212]
[0.005413271, -0.04635499, 2.5279589, 76.704857]
[0.0045136497, -0.047350027, 2.5235004, 76.808449]
[0.0038747541, -0.045688991, 2.5182121, 76.911949]
[0.005982216, -0.04176823, 2.5150514, 77.015549]
[0.0044856621, -0.045502, 2.509165, 77.119179]
[0.0049876547, -0.048915897, 2.5086899, 77.222771]
[0.0047806702, -0.05054117, 2.4980941, 77.326393]
[0.0054695234, -0.047181223, 2.4975955, 77.430008]
[0.0041217278, -0.044802923, 2.49405, 77.53363]
[0.0051509053, -0.042572755, 2.4913106, 77.637238]
[0.0041856621, -0.043284267, 2.4902103, 77.74086]
[0.0039634136, -0.046255924, 2.4815395, 77.844467]
[0.0037469587, -0.048000079, 2.4774094, 77.948257]
[0.0038359633, -0.05035777, 2.4670751, 78.051826]
[0.0061451942, -0.047231276, 2.4606614, 78.155449]
[0.0058754915, -0.048270233, 2.4673257, 78.259193]
[0.0039833644, -0.050112687, 2.454582, 78.362801]
[0.0038055328, -0.049809892, 2.4506185, 78.466423]
[0.00354878, -0.050412856, 2.4442484, 78.570053]
[0.0034765366, -0.0471434, 2.442555, 78.673767]
[0.0047993297, -0.049551539, 2.4352267, 78.777382]
[0.0048323064, -0.049721755, 2.4296455, 78.881012]
[0.0043569901, -0.047942169, 2.423794, 78.984612]
[0.0041747289, -0.046029549, 2.4192283, 79.088249]
[0.0044650841, -0.045771047, 2.4221213, 79.191841]
[0.005095507, -0.04525077, 2.4221883, 79.295578]
[0.0063472739, -0.047201324, 2.414535, 79.3992]
[0.0051104529, -0.044628303, 2.4128072, 79.502831]
[0.0050764438, -0.044863511, 2.404613, 79.60643]
[0.0056935768, -0.045486443, 2.4155145, 79.710068]
[0.0051455228, -0.045420136, 2.4075167, 79.813789]
[0.0045992201, -0.046177492, 2.40324, 79.917397]
[0.0040920111, -0.04635492, 2.4004898, 80.021042]
[0.0033368967, -0.04745239, 2.3919168, 80.124634]
[0.0024069399, -0.048294391, 2.3991382, 80.228394]
[0.0033329329, -0.048417281, 2.3859191, 80.331993]
[0.003036489, -0.048859287, 2.3833265, 80.4356]
[0.0027504077, -0.050110687, 2.3796308, 80.539352]
[0.0015897101, -0.050457951, 2.3720896, 80.64296]
[0.0010434102, -0.048579037, 2.3710127, 80.746696]
[0.0023778374, -0.049584486, 2.3630455, 80.850319]
[0.0036374922, -0.049057603, 2.3608778, 80.954063]
[0.0026179133, -0.047651224, 2.3565185, 81.057693]
[0.0032087443, -0.050215036, 2.3450527, 81.16143]
[0.0022252526, -0.049124565, 2.348315, 81.26503]
[0.0026471498, -0.048092436, 2.3398676, 81.368767]
[0.0036792355, -0.047627576, 2.3339911, 81.472389]
[0.0046712933, -0.049320269, 2.3221607, 81.575996]
[0.0067541618, -0.047080256, 2.3247392, 81.679611]
[0.0069340551, -0.049647089, 2.3132875, 81.783112]
[0.0048514931, -0.050848048, 2.3083818, 81.886719]
[0.0041514384, -0.04855381, 2.3023219, 81.990349]
[0.0036394224, -0.047140017, 2.2961791, 82.093948]
[0.0053539113, -0.048821244, 2.2955306, 82.197578]
[0.0053133201, -0.04939666, 2.2850914, 82.301178]
[0.0050205463, -0.046705537, 2.2843702, 82.404922]
[0.0029596265, -0.04595568, 2.2768347, 82.508537]
[0.0048268451, -0.047664598, 2.2610795, 82.61216]
[0.0064046537, -0.045101617, 2.2705929, 82.715889]
[0.0029979649, -0.043936763, 2.2591431, 82.819519]
[0.0065381876, -0.044739421, 2.2539165, 82.923126]
[0.0044558579, -0.044424865, 2.2516727, 83.026878]
[0.0035930329, -0.04239836, 2.2410326, 83.130478]
[0.003523431, -0.045069955, 2.239773, 83.234222]
[0.0011734356, -0.04853591, 2.2242787, 83.33786]
[0.005545245, -0.050612871, 2.2194841, 83.441643]
[0.006211549, -0.043421112, 2.2163055, 83.545227]
[0.0047934419, -0.036256012, 2.2222846, 83.648842]
[0.0040098112, -0.037919343, 2.21715, 83.752548]
[0.0019484957, -0.03530708, 2.2149014, 83.856293]
[0.00073318655, -0.038495429, 2.2146931, 83.96003]
[0.0025650105, -0.041768983, 2.2040977, 84.063652]
[0.0042877309, -0.043292634, 2.2017834, 84.167412]
[0.0034929153, -0.040553406, 2.2051806, 84.271004]
[0.00049892714, -0.041265704, 2.2094786, 84.375099]
[-0.00094358844, -0.041019917, 2.1884534, 84.478432]
[-0.0010015124, -0.042735156, 2.1877861, 84.58213]
[-0.0019404255, -0.042011302, 2.1915164, 84.685722]
[-0.00012517936, -0.042340979, 2.1884828, 84.789413]
[0.0011798764, -0.043017969, 2.1876264, 84.893173]
[0.0028195162, -0.043418843, 2.1816058, 84.996841]
[0.0012521696, -0.042658161, 2.1730342, 85.100487]
[0.001575249, -0.042834289, 2.170944, 85.204071]
[0.0010701363, -0.04289696, 2.1675138, 85.307678]
[0.0019071401, -0.042577442, 2.1667595, 85.411438]
[0.0024766668, -0.041831475, 2.1602426, 85.515022]
[0.0022920512, -0.041427627, 2.1619046, 85.618782]
[0.0016627519, -0.044166237, 2.1674466, 85.723091]
[0.0022026927, -0.041867152, 2.1459644, 85.8265]
[5.5562039e-05, -0.043009885, 2.1377943, 85.929771]
[0.0012341606, -0.042273395, 2.149435, 86.033691]
[0.0012389106, -0.041277692, 2.1376324, 86.13739]
[0.0036032775, -0.043911688, 2.1328957, 86.240761]
[0.003649903, -0.043545991, 2.130136, 86.344467]
[0.0027133776, -0.042088471, 2.1344671, 86.448448]
[0.0011643032, -0.038474333, 2.1233742, 86.551857]
[-0.00037807907, -0.039268296, 2.1243446, 86.655632]
[-0.00087106816, -0.040889118, 2.1217387, 86.759377]
[1.8749724e-05, -0.0408861, 2.1172528, 86.863007]
[0.00069892663, -0.04220758, 2.1162131, 86.966919]
[0.0010375271, -0.044711631, 2.1037452, 87.070549]
[0.0018418886, -0.041143112, 2.098417, 87.17411]
[0.0015800776, -0.041422885, 2.1070182, 87.27832]
[0.0042802906, -0.049343832, 2.0708411, 87.38166]
[0.0038547397, -0.044175323, 2.0766795, 87.485352]
[0.0064668329, -0.042534504, 2.0563407, 87.588959]
[0.0064864056, -0.044730298, 2.0538259, 87.692703]
[0.0071580205, -0.043978307, 2.0362434, 87.796303]
[0.0056361551, -0.045952, 2.0270209, 87.900124]
[0.0028600513, -0.045033056, 2.0184386, 88.003838]
[-0.00017182069, -0.045561705, 2.0033743, 88.107399]
[-0.010982309, -0.025503477, 2.0106368, 88.211601]
[-0.012796626, -0.033240363, 1.9850186, 88.314957]
[-0.0056344671, -0.041292738, 1.9812056, 88.418533]
[-0.0024121227, -0.047659602, 1.9774284, 88.522331]
[-0.012621182, -0.048105527, 1.9603183, 88.625977]
[-0.011696481, -0.045661639, 1.9649938, 88.729782]
[-0.0069084181, -0.043042067, 1.9549702, 88.833473]
[-0.004016425, -0.042965394, 1.9467636, 88.937263]
[-0.0016439862, -0.04431957, 1.9326354, 89.04097]
[0.00019846699, -0.035225786, 1.9196233, 89.144562]
[-0.00070218561, -0.049391624, 1.907654, 89.248169]
[0.0018426807, -0.048713453, 1.8931651, 89.351913]
[0.0026290067, -0.048911147, 1.8747082, 89.455528]
[0.0027335715, -0.047044408, 1.8595034, 89.559151]
[0.0054834788, -0.047152705, 1.8440374, 89.662758]
[0.0053649768, -0.046258286, 1.8319436, 89.76651]
[0.0061807213, -0.044569138, 1.8216143, 89.870262]
[0.0065921894, -0.043556146, 1.8053454, 89.973984]
[0.0063567301, -0.042309482, 1.7906144, 90.077599]
[0.0085477121, -0.042106479, 1.7770814, 90.181343]
[0.0086668795, -0.042187113, 1.758172, 90.28508]
[0.0092450138, -0.042370271, 1.738458, 90.388817]
[0.0088553699, -0.042707823, 1.7182252, 90.492432]
[0.0087112123, -0.040331002, 1.7034117, 90.596169]
[0.011130049, -0.040544938, 1.6877817, 90.699913]
[0.010531869, -0.040373046, 1.6704272, 90.803528]
[0.010383961, -0.040886991, 1.6495568, 90.907272]
[0.0097370567, -0.040204704, 1.6367329, 91.011009]
[0.01193056, -0.04053507, 1.6076152, 91.114647]
[0.015301166, -0.038659714, 1.6138083, 91.218369]
[0.019849163, -0.039139122, 1.6027147, 91.322128]
[0.01978587, -0.032723349, 1.562445, 91.42585]
[0.023136752, -0.038535748, 1.5806938, 91.529587]
[0.023562085, -0.037126176, 1.5692574, 91.633232]
[0.027346373, -0.031644054, 1.5330731, 91.736954]
[0.02461263, -0.035274222, 1.5572205, 91.840691]
[0.025121862, -0.033975385, 1.5107605, 91.94442]
[0.024912508, -0.034386046, 1.5459054, 92.048157]
[0.024794128, -0.030653469, 1.5420889, 92.151901]
[0.034116905, -0.029382911, 1.4953264, 92.255653]
[0.025503278, -0.03213305, 1.5380908, 92.35939]
[0.024073403, -0.032421317, 1.5383968, 92.46312]
[0.032338176, -0.033844177, 1.4769441, 92.566887]
[0.024692839, -0.032674514, 1.5328928, 92.670479]
[0.038297847, -0.02854708, 1.4697177, 92.774246]
[0.024165653, -0.033831205, 1.5373749, 92.877968]
[0.02252401, -0.032549549, 1.5356678, 92.981697]
[0.042512894, -0.030448634, 1.4645084, 93.085449]
[0.021280779, -0.03807757, 1.5316372, 93.189209]
[0.017619306, -0.035711847, 1.5212152, 93.292931]
[0.047577195, -0.030486014, 1.4596287, 93.396538]
[0.016884772, -0.032900952, 1.5236865, 93.500282]
[0.052300856, -0.029132115, 1.4536062, 93.604019]
[0.015172142, -0.032905903, 1.5249047, 93.707672]
[0.014531331, -0.033316772, 1.525703, 93.811378]
[0.056685429, -0.031928364, 1.4497408, 93.915123]
[0.013273005, -0.032741372, 1.5206251, 94.018898]
[0.014795869, -0.032495204, 1.513869, 94.122482]
[0.05691836, -0.028198732, 1.4607981, 94.226288]
[0.010377914, -0.032618206, 1.5160996, 94.329826]
[0.058136247, -0.035885792, 1.4532994, 94.433571]
[0.0066010496, -0.031433091, 1.5117611, 94.537201]
[0.0072683827, -0.032398246, 1.5067582, 94.6408]
[0.061380934, -0.029124094, 1.4609659, 94.744537]
[0.0052122907, -0.032949314, 1.5118109, 94.848289]
[0.0085939951, -0.032608286, 1.5096471, 94.951889]
[0.06239979, -0.030986093, 1.4610405, 95.055656]
[0.007268331, -0.032244395, 1.5070357, 95.15937]
[0.0068558836, -0.031557955, 1.5118624, 95.263123]
[0.060597274, -0.031062081, 1.4653919, 95.36673]
[0.0068688691, -0.031824309, 1.5104359, 95.470467]
[0.061402999, -0.028468383, 1.4694917, 95.574089]
[0.0065476564, -0.031965755, 1.5116407, 95.677834]
[0.0039395136, -0.030944662, 1.5130482, 95.78157]
[0.064441271, -0.032924842, 1.4798028, 95.885201]
[0.0035860585, -0.029245883, 1.5120702, 95.9888]
[0.0017598373, -0.028876198, 1.5156295, 96.092537]
[0.065708183, -0.032310776, 1.4902517, 96.196159]
[-0.0020392691, -0.028727755, 1.5240784, 96.299767]
[0.070732921, -0.025011642, 1.4956295, 96.403412]
[-0.0030418024, -0.031766336, 1.5307451, 96.507133]
[-0.0039999727, -0.028910013, 1.5299779, 96.610909]
[0.072061785, -0.035107534, 1.5034422, 96.7145]
[-0.0023442528, -0.027335022, 1.5295192, 96.818222]
[-0.0046920693, -0.029109566, 1.5321281, 96.921837]
[0.077464521, -0.028538791, 1.5169017, 97.025581]
[-0.005492168, -0.030190554, 1.5330781, 97.129318]
[-0.0019940126, -0.036568288, 1.5286542, 97.233063]
[0.087458044, -0.050545078, 1.5202086, 97.336807]
[0.0057870471, -0.046246178, 1.529058, 97.440422]
[0.10177758, -0.036972392, 1.5214095, 97.544159]
[-0.0020986011, -0.057143759, 1.5326418, 97.647903]
[-0.0045747771, -0.048933364, 1.5321628, 97.75164]
[0.086639784, -0.049448811, 1.5314738, 97.855247]
[-0.0041644201, -0.045542959, 1.5269233, 97.958992]
[-0.0063076955, -0.043519836, 1.5247768, 98.062737]
[0.08527144, -0.046398535, 1.532778, 98.166519]
[-0.0068683871, -0.040686313, 1.5174197, 98.270111]
[0.084737927, -0.039164338, 1.5348945, 98.373833]
[-0.0051607722, -0.038687099, 1.5175635, 98.477448]
[-0.0051349788, -0.038547024, 1.5152256, 98.581062]
[0.081864484, -0.040826268, 1.5396872, 98.684799]
[-0.0039776433, -0.034311395, 1.5176979, 98.788422]
[-0.0026897935, -0.033657219, 1.5193172, 98.892151]
[0.07541623, -0.035107698, 1.5513611, 98.995773]
[-0.00056580023, -0.032830164, 1.5246366, 99.09951]
[0.071200162, -0.034619387, 1.5616131, 99.203133]
[-0.0028581151, -0.033646241, 1.5310861, 99.306747]
[-0.0015380004, -0.032467868, 1.5334932, 99.410362]
[0.064680934, -0.032150719, 1.5727665, 99.513969]
[0.0016574776, -0.030803232, 1.5441105, 99.617729]
[0.004558654, -0.029748825, 1.5508573, 99.721329]
[0.056997821, -0.035825323, 1.5881219, 99.825073]
[0.0052933111, -0.029221099, 1.5597034, 99.928688]
[0.0047614323, -0.029756496, 1.5707259, 100.0324]
[0.045928981, -0.03064185, 1.6072632, 100.1362]
[0.0079121012, -0.030182403, 1.5789438, 100.2398]
[0.040117443, -0.029222984, 1.6169304, 100.3435]
[0.0098923007, -0.02926686, 1.594792, 100.4471]
[0.011514408, -0.029596081, 1.603412, 100.5508]
[0.032156236, -0.032060757, 1.6298338, 100.6544]
[0.011921993, -0.029620271, 1.6177803, 100.758]
[0.015158949, -0.028849719, 1.6262319, 100.8616]
[0.025211191, -0.029454593, 1.6461478, 100.9652]
[0.013739332, -0.028311111, 1.6419252, 101.0688]
[0.012885726, -0.030486079, 1.6489953, 101.1724]
[0.020269545, -0.029800417, 1.6674298, 101.2762]
[0.010162968, -0.02958101, 1.6647856, 101.3798]
[0.015420003, -0.027986452, 1.6813687, 101.4834]
[0.010320442, -0.028119206, 1.6735809, 101.587]
[0.0096949805, -0.029183725, 1.6990466, 101.6906]
[0.012386995, -0.031074723, 1.6972032, 101.7943]
[0.0094153583, -0.030730207, 1.6985396, 101.8979]
[0.0080130268, -0.032580331, 1.7045591, 102.0016]
[0.0083049675, -0.0332985, 1.7013437, 102.1052]
[0.0071086618, -0.034108732, 1.7035784, 102.2089]
[0.0073456224, -0.034204498, 1.707845, 102.3126]
[0.0070015471, -0.035091847, 1.7052982, 102.4162]
[0.0090889605, -0.035887346, 1.7065012, 102.52]
[0.007411004, -0.035761379, 1.7042598, 102.6236]
[0.0071760761, -0.033770803, 1.7098889, 102.7273]
[0.0072579836, -0.035453822, 1.7076893, 102.8309]
[0.0059793657, -0.035626557, 1.7124722, 102.9347]
[0.0065480834, -0.034756571, 1.7102839, 103.0383]
[0.0064844941, -0.033775616, 1.7111504, 103.142]
[0.0059359726, -0.034584902, 1.7161058, 103.2457]
[0.0069909682, -0.0340342, 1.7139729, 103.3494]
[0.0056735929, -0.034856096, 1.7129397, 103.453]
[0.005796161, -0.035485469, 1.7156774, 103.5567]
[0.0051458031, -0.03516122, 1.7104858, 103.6603]
[0.0063669938, -0.03353551, 1.7122335, 103.7641]
[0.0054759928, -0.036752895, 1.701129, 103.8677]
[0.0047059287, -0.038226716, 1.6948534, 103.9713]
[0.0025697735, -0.039529182, 1.6837001, 104.0751]
[0.0051545808, -0.037255753, 1.6784414, 104.1787]
[0.0044864239, -0.037168, 1.6759731, 104.2823]
[0.0064724195, -0.037419785, 1.6686776, 104.386]
[0.0063039903, -0.036852762, 1.6623195, 104.4898]
[0.0076677222, -0.033689227, 1.6541488, 104.5934]
[0.0064642425, -0.03779529, 1.6486574, 104.6973]
[0.0069946409, -0.039700404, 1.6289613, 104.8009]
[0.012470081, -0.038273953, 1.6281271, 104.9046]
[0.0094030472, -0.039083194, 1.6056337, 105.0084]
[0.012035594, -0.038442232, 1.5910395, 105.1121]
[0.01751888, -0.037311256, 1.5954154, 105.2159]
[0.0096381614, -0.039471265, 1.5622568, 105.3194]
[0.024172517, -0.039389238, 1.571117, 105.4232]
[0.0096561043, -0.040037643, 1.5354465, 105.5269]
[0.011728162, -0.039532185, 1.5142087, 105.6307]
[0.033371273, -0.040509999, 1.5373179, 105.7344]
[0.015604398, -0.03699816, 1.4875454, 105.8381]
[0.014462708, -0.036570866, 1.4729599, 105.9419]
[0.040784411, -0.037213225, 1.5095794, 106.0456]
[0.018790135, -0.035255697, 1.4463296, 106.1494]
[0.059925441, -0.035081677, 1.5144602, 106.2531]
[0.041910522, -0.029554272, 1.4607555, 106.357]
[0.014206063, -0.043029405, 1.4410408, 106.4608]
[0.043173347, -0.057848979, 1.517306, 106.5645]
[0.012721113, -0.0519889, 1.4347444, 106.6682]
[0.015052014, -0.061603177, 1.4374169, 106.7719]
[0.048608139, -0.062379345, 1.520761, 106.8757]
[0.019933948, -0.08006525, 1.4243937, 106.9793]
[0.04683578, -0.067544341, 1.5279622, 107.0832]
[0.022071181, -0.074757583, 1.4111242, 107.1869]
[0.028873444, -0.059405122, 1.3983551, 107.2905]
[0.040441055, -0.06380254, 1.5222511, 107.3943]
[0.035250418, -0.048834074, 1.3986019, 107.498]
[0.037178997, -0.048921943, 1.3900846, 107.6016]
[0.03774409, -0.053853672, 1.5173366, 107.7054]
[0.039444521, -0.044546638, 1.388929, 107.8091]
[0.030437529, -0.049172394, 1.5158404, 107.9128]
[0.045941625, -0.042918656, 1.3811802, 108.0164]
[0.045920003, -0.043048348, 1.3809289, 108.1202]
[0.026423093, -0.043788679, 1.5027921, 108.2239]
[0.052930087, -0.038834233, 1.3819394, 108.3276]
[0.057387065, -0.037931848, 1.3777108, 108.4312]
[0.017887849, -0.041898582, 1.4982107, 108.5349]
[0.059778348, -0.036012374, 1.3816185, 108.6388]
[0.01546603, -0.03914829, 1.4909403, 108.7426]
[0.059275631, -0.036857598, 1.3804213, 108.8459]
[0.056941405, -0.030374754, 1.3950019, 108.9497]
[0.014610332, -0.036329228, 1.483191, 109.0532]
[0.057401828, -0.032588225, 1.4033054, 109.1569]
[0.060067073, -0.033846792, 1.4017797, 109.2605]
[0.01144907, -0.036296375, 1.4834296, 109.3644]
[0.06197533, -0.034273282, 1.4045708, 109.4679]
[0.064506441, -0.028425822, 1.4072888, 109.5716]
[-0.0034594389, -0.029889584, 1.5002414, 109.6753]
[0.0650656, -0.037145134, 1.4139999, 109.7791]
[-0.015276917, -0.020152438, 1.4995948, 109.8827]
[0.066390574, -0.050994962, 1.3997451, 109.9864]
[0.061085545, -0.023234667, 1.4176308, 110.0901]
[-0.0096239569, -0.035255771, 1.5057936, 110.1939]
[0.071198955, -0.018729558, 1.4368129, 110.2976]
[0.078041814, -0.034448169, 1.4326625, 110.4014]
[-0.018729981, -0.026828442, 1.5008625, 110.5051]
[0.070478678, -0.039295092, 1.4320475, 110.6089]
[-0.021531673, -0.025232814, 1.5012231, 110.7125]
[0.074583389, -0.036367126, 1.444194, 110.8162]
[0.073243886, -0.032905642, 1.4469193, 110.92]
[-0.029949475, -0.028680218, 1.5008396, 111.0236]
[0.068506427, -0.034762159, 1.4536383, 111.1273]
[0.064867869, -0.034273602, 1.4642079, 111.231]
[-0.024598969, -0.026928985, 1.5047567, 111.3347]
[0.06047494, -0.029336369, 1.4808472, 111.4384]
[-0.014137199, -0.029500065, 1.5141634, 111.542]
[0.0557932, -0.025192469, 1.5023028, 111.6458]
[0.049303718, -0.029687101, 1.5110065, 111.7494]
[-0.0045885653, -0.026004439, 1.5279808, 111.853]
[0.044812977, -0.03088939, 1.5247149, 111.9566]
[0.036116123, -0.027902523, 1.5336474, 112.0602]
[0.0097098537, -0.029074645, 1.5435425, 112.1638]
[0.038171776, -0.023208372, 1.5738952, 112.2684]
[0.026966039, -0.028333947, 1.5490519, 112.3709]
[0.0081397938, -0.02707346, 1.5717392, 112.4746]
[0.025440257, -0.02918672, 1.5760093, 112.5782]
[0.016237341, -0.027160091, 1.5857605, 112.6817]
[0.021798896, -0.025249217, 1.6062629, 112.7856]
[0.016118729, -0.028403435, 1.6146683, 112.8898]
[0.0077816788, -0.02821213, 1.6024117, 112.9924]
[0.01389293, -0.028531946, 1.617263, 113.096]
[0.0099964291, -0.02621612, 1.6380868, 113.1996]
[0.0097484011, -0.027131276, 1.6472038, 113.3032]
[0.0085340375, -0.029142037, 1.663255, 113.4073]
[0.0091299256, -0.029270273, 1.6548599, 113.5105]
[0.01155491, -0.028726092, 1.6689682, 113.6142]
[0.008522951, -0.028319562, 1.6820028, 113.7179]
[0.011588685, -0.032565765, 1.721442, 113.8238]
